d1 = [[10 10]
[10 30]
[10 50]
[10 70]
[30 10]
[30 70]
[50 10]
[50 30]
[50 50]
[90 70]
];
d2 = [[10 10]
 [10 50]
 [10 70]
 [30 70]
 [50 10]
 [50 30]
 [70 50]
 [70 70]
 [90 30]
 [90 90]];
d3 = [[10 30]
 [30 10]
 [30 30]
 [30 90]
 [50 10]
 [50 30]
 [70 10]
 [70 30]
 [90 70]
 [90 90]];
d4 = [[10 30]
 [10 50]
 [10 90]
 [50 30]
 [50 50]
 [50 70]
 [70 50]
 [70 90]
 [90 70]
 [90 90]];
d5 = [[10 10]
 [10 30]
 [30 30]
 [30 70]
 [30 90]
 [50 10]
 [50 30]
 [50 50]
 [50 90]
 [70 30]];
d6 = [[10 10]
 [10 30]
 [10 50]
 [10 70]
 [30 50]
 [30 90]
 [50 10]
 [50 50]
 [50 90]
 [70 50]];
d7 = [[10 10]
 [10 30]
 [10 50]
 [10 90]
 [30 50]
 [30 70]
 [30 90]
 [50 10]
 [50 30]
 [50 70]];
d8 = [[10 10]
 [10 30]
 [10 50]
 [10 90]
 [30 50]
 [30 70]
 [50 50]
 [50 90]
 [70 90]
 [90 30]];
d9 = [[10 10]
 [10 30]
 [10 50]
 [10 90]
 [30 30]
 [50 10]
 [50 30]
 [50 50]
 [70 30]
 [70 50]];
d10 = [[10 30]
 [10 50]
 [30 30]
 [30 50]
 [30 70]
 [50 10]
 [50 50]
 [50 90]
 [70 10]
 [70 50]];
d11 = [ [10 30]
 [10 50]
 [30 10]
 [50 10]
 [50 30]
 [50 50]
 [50 70]
 [70 50]
 [70 70]
 [90 50]];
d12 = [ [30 30]
 [30 70]
 [50 10]
 [50 70]
 [50 90]
 [70 10]
 [70 70]
 [90 10]
 [90 30]
 [90 90]];
d13 = [ [10 70]
 [10 90]
 [30 10]
 [30 30]
 [30 50]
 [30 70]
 [30 90]
 [50 30]
 [50 70]
 [70 10]];
d14 = [[10 30]
 [10 90]
 [30 10]
 [30 90]
 [50 30]
 [50 70]
 [70 30]
 [70 50]
 [70 70]
 [90 10]];
d15 = [ [10 90]
 [30 30]
 [50 10]
 [50 30]
 [50 70]
 [50 90]
 [70 10]
 [70 30]
 [70 50]
 [70 70]];
d16 = [ [10 30]
 [10 50]
 [10 70]
 [10 90]
 [30 90]
 [50 10]
 [50 90]
 [70 10]
 [70 30]
 [70 70]];
d17 = [ [10 90]
 [30 10]
 [30 30]
 [30 50]
 [30 90]
 [50 30]
 [50 50]
 [70 10]
 [70 30]
 [70 50]];
d18 = [ [30 50]
 [30 90]
 [50 30]
 [50 50]
 [50 90]
 [70 10]
 [70 30]
 [70 50]
 [70 90]
 [90 10]];
d19 = [ [10 30]
 [10 50]
 [30 50]
 [30 70]
 [30 90]
 [50 30]
 [50 70]
 [70 10]
 [70 30]
 [70 70]];
d20 = [ [10 90]
 [30 30]
 [30 50]
 [30 90]
 [50 30]
 [50 50]
 [50 70]
 [50 90]
 [70 10]
 [70 90]];
d21 = [ [30 10]
 [30 50]
 [30 70]
 [30 90]
 [50 10]
 [50 70]
 [50 90]
 [70 10]
 [70 50]
 [70 70]];
d22 = [ [10 50]
 [10 70]
 [30 10]
 [30 30]
 [30 50]
 [50 10]
 [50 50]
 [50 70]
 [70 10]
 [70 30]];
d23 = [ [10 30]
 [10 50]
 [30 10]
 [30 90]
 [50 10]
 [50 30]
 [50 50]
 [70 10]
 [70 30]
 [70 50]];
d24 = [ [10 70]
 [10 90]
 [30 30]
 [30 90]
 [50 30]
 [50 50]
 [50 90]
 [70 10]
 [70 30]
 [70 50]];
d25 = [ [10 30]
 [10 50]
 [10 70]
 [30 10]
 [30 70]
 [50 30]
 [50 50]
 [50 70]
 [70 10]
 [70 30]];
d26 = [ [30 90]
 [50 30]
 [50 70]
 [50 90]
 [70 50]
 [70 90]
 [90 30]
 [90 50]
 [10 90]
 [30 30]];
d27 = [ [50 70]
 [70 10]
 [70 30]
 [70 50]
 [70 90]
 [90 10]
 [90 30]
 [90 50]
 [90 70]
 [50 50]];
d28 = [ [30 90]
 [50 10]
 [50 50]
 [50 90]
 [70 30]
 [70 50]
 [70 90]
 [90 10]
 [90 70]
 [10 10]];
d29 = [ [30 30]
 [30 50]
 [30 90]
 [50 10]
 [50 70]
 [70 10]
 [70 30]
 [70 70]
 [90 10]
 [90 30]];
d30 = [ [10 50]
 [10 90]
 [50 10]
 [50 30]
 [50 50]
 [50 70]
 [50 90]
 [70 10]
 [70 50]
 [90 10]];
d31 = [ [10 70]
 [30 30]
 [50 50]
 [50 70]
 [50 90]
 [70 10]
 [70 50]
 [90 10]
 [90 30]
 [90 50]];
d32 = [ [10 90]
 [30 30]
 [30 90]
 [50 10]
 [50 30]
 [50 90]
 [70 10]
 [70 50]
 [90 10]
 [90 30]];
d33 = [ [10 70]
 [10 90]
 [30 10]
 [30 30]
 [30 90]
 [50 70]
 [50 90]
 [70 10]
 [70 70]
 [90 10]];
d34 = [ [30 10]
 [30 30]
 [30 70]
 [30 90]
 [50 10]
 [70 10]
 [70 50]
 [70 90]
 [90 10]
 [90 30]];
d35 = [ [10 30]
 [10 70]
 [10 90]
 [30 10]
 [30 70]
 [50 10]
 [50 50]
 [50 70]
 [70 30]
 [70 50]];
d36 = [ [10 30]
 [10 70]
 [10 90]
 [30 50]
 [30 90]
 [50 10]
 [50 70]
 [70 10]
 [70 30]
 [70 50]];
d37 = [ [30 70]
 [30 90]
 [50 50]
 [50 90]
 [70 10]
 [70 70]
 [70 90]
 [90 30]
 [90 70]
 [90 90]];
d38 = [ [10 30]
 [10 50]
 [30 50]
 [50 30]
 [50 70]
 [50 90]
 [70 10]
 [70 30]
 [70 90]
 [90 10]];
d39 = [ [10 30]
 [10 70]
 [30 10]
 [30 30]
 [30 50]
 [30 70]
 [30 90]
 [50 70]
 [50 90]
 [70 30]];
d40 = [ [30 10]
 [30 30]
 [30 50]
 [30 70]
 [50 10]
 [50 50]
 [50 70]
 [50 90]
 [70 10]
 [70 90]];
d41 = [ [30 30]
 [30 90]
 [50 10]
 [50 50]
 [50 70]
 [50 90]
 [70 10]
 [70 90]
 [90 10]
 [90 30]];
d42 = [ [10 50]
 [10 70]
 [10 90]
 [30 30]
 [30 70]
 [50 10]
 [50 30]
 [50 90]
 [70 30]
 [90 10]];
d43 = [ [30 10]
 [30 30]
 [30 70]
 [30 90]
 [50 30]
 [50 50]
 [50 90]
 [70 50]
 [70 90]
 [90 30]];
d44 = [ [10 30]
 [30 10]
 [30 50]
 [30 70]
 [30 90]
 [50 70]
 [50 90]
 [70 10]
 [70 30]
 [70 50]];
d45 = [ [10 50]
 [10 90]
 [30 10]
 [30 90]
 [50 10]
 [50 50]
 [50 70]
 [70 10]
 [70 70]
 [90 10]];
d46 = [ [10 30]
 [10 50]
 [10 70]
 [10 90]
 [30 90]
 [50 10]
 [50 30]
 [50 90]
 [70 90]
 [90 10]];
d47 = [ [10 50]
 [10 70]
 [50 10]
 [50 30]
 [70 10]
 [70 30]
 [70 50]
 [70 90]
 [90 10]
 [90 30]];
d48 = [[10 50]
 [10 90]
 [30 30]
 [30 70]
 [30 90]
 [50 10]
 [50 30]
 [50 70]
 [70 10]
 [90 10]];
d49 = [ [30 50]
 [30 70]
 [50 30]
 [50 50]
 [70 10]
 [70 30]
 [70 50]
 [70 70]
 [70 90]
 [90 70]];
d50 = [[10 90]
 [30 10]
 [30 30]
 [30 70]
 [50 10]
 [50 30]
 [50 50]
 [50 70]
 [70 70]
 [90 10]];
